1,167,660
1,167,683
1,167,684
1,167,685
1,167,686
1,167,687
1,167,688
1,167,689
1,167,690
1,167,691
1,167,692
1,167,693
1,167,694
1,167,695
1,167,696
1,167,697
1,167,698
1,167,699
1,167,700
1,167,701
1,167,702
1,168,703
1,168,704
1,168,705
1,168,706
1,168,707
1,168,708
1,168,709
1,168,1297,3540
1,168,1297,3541
1,168,1297,3542
1,168,1297,3543
1,168,1297,3544
1,168,1297,3545
1,168,1298,3546
1,168,1298,3547
1,168,1298,3548
1,168,1299,3549
1,168,1299,3550
1,168,1299,3551
1,168,1299,3552
1,168,1299,3706
1,169,710
1,169,711
1,169,712
1,169,713
1,169,714
1,169,715
1,169,716
1,169,717
1,169,718
1,169,719
1,169,720
1,169,721
1,169,722
1,169,723
1,169,724
1,169,1948
1,169,45823
1,170,725
1,170,726
1,170,727
1,170,728
1,170,1300,3701
1,170,1300,3702
1,170,1300,3703
1,170,1301,3704
1,170,1301,3705
2,166,1319,3877
2,166,1319,3878
2,166,1319,3879
2,166,1319,3880
2,166,1319,3881
2,166,1319,3882
2,166,1319,3883
2,166,1319,3884
2,166,1320,3885
2,166,1320,3886
2,166,1320,3887
2,166,1320,3888
2,166,1320,3889
2,171,661
2,171,662
2,171,663
2,171,1302,3707
2,171,1302,3708
2,171,1302,3709
2,171,1302,3710
2,171,1302,3711
2,171,1302,3712
2,171,1303,3713
2,171,1303,3714
2,171,1303,3715
2,171,1303,3716
2,171,1303,3717
2,171,1303,3718
2,171,1303,3719
2,171,1303,3720
2,171,1303,3721
2,171,1304,3722
2,171,1304,3723
2,171,1305,3724
2,171,1305,4069
2,171,1305,4070
2,171,1306,3725
2,171,1306,3726
2,171,1306,3727
2,171,1306,3728
2,171,1306,3729
2,171,1306,3730
2,171,1307,3731
2,171,1307,3732
2,171,1307,3733
2,171,1307,3734
2,171,1307,3735
2,171,1307,3736
2,171,1307,3737
2,171,1308,3738
2,171,1308,3739
2,171,1308,3740
2,171,1308,3741
2,171,1308,3742
2,171,1308,3743
2,172,597
2,172,598
2,172,664
2,172,665
2,172,666
2,172,667
2,172,668
2,172,669
2,172,670
2,172,671
2,172,672
2,172,1309,3744
2,172,1309,3745
2,172,1309,3746
2,172,1309,3747
2,172,1309,3748
2,172,1309,3749
2,172,1310,3750
2,172,1310,3751
2,172,1310,3752
2,172,1310,3753
2,173,599
2,173,600
2,173,601
2,173,602
2,173,603
2,173,604
2,173,2004
2,174,571
2,174,572
2,174,573
2,174,574
2,174,575
2,174,576
2,174,577
2,174,1311,3859
2,174,1311,3860
2,175,578
2,175,579
2,175,580
2,175,581
2,175,582
2,175,583
2,175,584
2,176,585
2,176,586
2,176,587
2,176,588
2,176,589
2,176,590
2,176,591
2,176,592
2,176,1935
2,176,2003
2,176,42805
2,176,42806
2,177,480
2,177,481
2,177,593
2,177,594
2,177,595
2,177,596
2,177,1314,3865
2,177,1314,3866
2,177,1314,3867
2,177,1315,3868
2,177,1315,3869
2,177,1315,3870
2,178,482
2,178,483
2,178,1316,3871
2,178,1316,3872
2,179,484
2,179,485
2,179,486
2,179,487
2,179,488
2,179,489
2,179,490
2,179,491
2,179,492
2,179,493
2,179,1317,3873
2,179,1317,3874
2,179,1318,3875
2,179,1318,3876
2,179,1997
2,180,494
2,180,495
2,180,496
2,181,497
2,181,498
2,181,499
2,181,500
2,181,501
2,181,502
2,182,503
2,182,504
2,182,505
2,182,506
2,182,1321,3891
2,182,1321,3892
2,183,398
2,183,507
2,183,508
2,183,509
2,183,510
2,183,511
2,183,512
2,183,513
2,183,514
2,183,515
2,183,516
2,183,517
2,183,1322,3893
2,183,1322,3894
2,183,1323,3895
2,183,1323,3896
2,183,1324,3897
2,183,1324,3898
2,183,1324,3899
2,183,1325,3900
2,183,1325,3901
2,183,1326,3902
2,183,1326,3903
2,183,1327,3904
2,183,1327,3905
2,183,1327,3906
2,183,1327,3907
2,183,1327,3908
2,183,1327,3909
2,183,1328,3910
2,183,1328,3911
2,183,1328,3912
2,183,1329,4016
2,183,1329,4017
2,183,1329,4018
2,184,394
2,184,395
2,184,399
2,184,1330,4019
2,184,1330,4020
2,184,1330,4021
2,184,1330,4022
2,184,1330,4023
2,184,1330,4024
2,184,1330,4692
2,184,1330,4712
2,184,1331,4025
2,184,1331,4026
2,184,1331,4886
2,185,396
2,185,397
2,185,2005
2,186,1332,4027
2,186,1332,4028
2,186,1332,4029
2,186,1332,4030
2,186,1332,4031
2,186,1332,4032
2,186,1332,4033
2,186,1332,4034
2,186,1332,4035
2,186,1332,4869
2,186,1333,4036
2,186,1333,4037
2,186,1333,4038
2,186,1333,4039
2,186,1333,4040
2,186,1333,4041
2,186,1333,4042
2,186,1333,4043
2,186,1333,4044
2,186,1333,4045
2,186,1333,4872
2,186,1334,4046
2,186,1334,4047
2,186,1334,4048
2,186,1334,4049
2,186,1334,4050
2,186,1334,4051
2,186,1334,4052
2,186,1334,4053
2,186,1334,4054
2,186,1334,4870
2,186,1335,4055
2,186,1335,4056
2,186,1335,4057
2,186,1335,4058
2,186,1335,4708
2,186,1336,4059
2,186,1336,4060
2,186,1336,4061
2,186,1336,4062
2,186,1336,4063
2,186,1336,4064
2,186,1336,4065
2,186,1336,4709
2,186,1337,4066
2,186,1337,4067
2,186,1337,4068
2,186,1337,4885
2,186,1338,4071
2,186,1338,4072
2,186,1338,4073
2,186,1338,4707
2,186,1338,4871
2,186,1941,4710
2,186,1941,4711
3,187,323
3,187,400
3,187,401
3,187,402
3,187,403
3,187,404
3,187,405
3,187,406
3,187,407
3,187,46419
3,188,408
3,188,409
3,188,410
3,188,411
3,188,412
3,188,413
3,188,1339,4074
3,188,1339,4262
3,188,1339,4263
3,188,1339,4471
3,189,414
3,189,415
3,189,416
3,189,417
3,189,418
3,189,419
3,189,420
3,189,421
3,189,422
3,189,423
3,189,424
3,189,425
3,190,426
3,190,427
3,190,428
3,190,429
3,190,430
3,190,431
3,190,432
3,191,326
3,191,327
3,191,328
3,191,362
3,191,433
3,191,434
3,191,435
3,191,1215,4075
3,191,1215,4409
3,191,1216,4076
3,191,1216,4410
3,191,1216,4411
3,191,1216,4697
3,192,363
3,192,364
3,192,365
3,192,366
3,192,367
3,192,368
3,192,369
3,192,370
3,192,371
3,192,372
3,192,373
3,192,1217,4237
3,192,1217,4412
3,192,1217,4413
3,192,45821
3,193,374
3,193,375
3,193,376
3,193,377
3,193,378
3,193,379
3,194,271
3,194,272
3,194,273
3,194,274
3,194,275
3,194,276
3,194,277
3,194,278
3,194,279
3,194,280
3,194,281
3,194,282
3,194,283
3,194,284
3,194,285
3,194,286
3,194,380
3,194,1909
3,195,287
3,195,288
3,195,289
3,195,290
3,195,291
3,195,292
3,195,293
3,195,294
3,195,295
3,196,296
3,196,297
3,196,298
3,196,299
3,196,300
3,196,301
3,196,1218,4238
3,196,1218,4414
3,197,302
3,197,303
3,197,304
3,197,305
3,198,306
3,198,307
3,198,308
3,198,1219,4239
3,198,1219,4240
3,198,1219,4241
3,198,1219,4242
3,198,1219,4243
3,198,1219,4244
3,198,1219,4245
3,198,1219,4246
3,198,1220,4247
3,198,1220,4248
3,198,1220,4249
3,198,1220,4250
3,198,1220,4251
3,198,1220,4252
3,198,1220,4253
3,198,1220,4254
3,198,1220,4415
3,198,1221,4255
3,198,1221,4256
3,198,1221,4257
3,198,1221,4258
3,198,1221,4259
3,198,1221,4260
3,198,1222,4261
3,198,1222,4416
3,198,1222,4417
3,198,1222,4418
3,198,1910
3,199,309
3,199,310
3,199,311
3,199,312
3,199,313
3,199,314
3,199,315
3,199,316
3,199,317
3,199,318
3,199,319
3,199,320
3,199,321
3,199,322
4,87,1059,2740
4,87,1059,2741
4,87,1059,2742
4,87,1560
4,87,1561
4,87,1562
4,87,1563
4,87,1564
4,88,1060,2743
4,88,1060,2744
4,88,1060,2745
4,88,1060,2746
4,88,1060,2747
4,88,1060,2748
4,88,1565
4,88,1566
4,88,1567
4,88,1568
4,89,1569
4,89,1570
4,89,1571
4,90,1061,2749
4,90,1061,2750
4,90,1061,2753
4,90,1061,2754
4,90,1061,2888
4,90,1061,2889
4,90,1061,2890
4,90,1406
4,90,1407
4,90,1408
4,90,1409
4,90,1410
4,90,1411
4,90,1412
4,90,1413
4,90,1414
4,91,1062,2891
4,91,1062,2892
4,91,1415
4,91,1416
4,91,1417
4,91,1418
4,91,1419
4,91,1420
4,91,1421
4,91,1422
4,92,1063,2893
4,92,1063,2894
4,92,1423
4,92,1424
4,92,7053
4,93,1425
4,93,1426
4,93,1427
4,93,1428
4,93,1945
4,94,1064,2895
4,94,1064,2896
4,94,1064,2897
4,94,1064,2898
4,94,1064,2899
4,94,1065,2900
4,94,1065,2901
4,94,1065,2902
4,94,1066,2903
4,94,1066,2904
4,94,1067,2905
4,94,1067,2906
4,94,1067,2907
4,94,1068,2908
4,94,1068,2909
4,94,1068,2910
4,94,1068,2911
4,94,1068,2912
4,94,1068,2913
4,94,1068,2914
4,94,1068,2915
4,94,1068,4703
4,94,1068,9971
4,94,1069,2916
4,94,1069,2917
4,94,1069,2918
4,94,1069,4704
4,94,1070,2919
4,94,1070,2920
4,94,1070,2921
4,94,1070,2922
4,94,1070,2923
4,94,1070,2924
4,94,1070,4866
4,94,1429
4,95,1071,2925
4,95,1071,2926
4,95,1071,2927
4,95,1072,2928
4,95,1072,2929
4,95,1072,2930
4,95,1073,2931
4,95,1073,2932
4,95,1073,2933
4,95,1073,2934
4,95,1074,2935
4,95,1074,2936
4,95,1074,2937
4,95,1074,2938
4,95,1075,2939
4,95,1075,2940
4,95,1075,2941
4,95,1075,2942
4,95,1430
4,95,1431
4,95,1432
4,95,1433
4,95,1434
4,96,1076,3039
4,96,1076,3040
4,96,1076,3041
4,96,1076,3042
4,96,1076,3043
4,96,1076,3044
4,96,1077,3045
4,96,1077,3046
4,96,1077,3047
4,96,1077,3048
4,96,1077,3049
4,96,1077,3050
4,96,1077,3051
4,96,1435
4,96,1436
4,96,1437
4,96,1450
4,96,1451
4,96,1452
4,96,1453
4,96,1454
4,97,1078,3052
4,97,1078,3053
4,97,1079,3054
4,97,1079,3055
4,97,1079,3056
4,97,1079,3057
4,97,1080,3058
4,97,1080,3059
4,97,1080,3060
4,97,1081,3061
4,97,1081,3062
4,97,1081,3063
4,97,1081,3064
4,97,1081,3065
4,97,1081,3139
4,97,1082,3066
4,97,1082,3067
4,97,1082,3068
4,97,1082,3069
4,97,1082,3070
4,97,1082,3071
4,97,1082,3072
4,97,1082,3073
4,97,1082,3074
4,97,1082,3075
4,97,1082,3076
4,97,1082,3077
4,97,1082,3078
4,97,1083,3079
4,97,1083,3080
4,97,1083,3081
4,97,1083,3082
4,97,1083,3083
4,97,1083,3084
4,97,1084,3085
4,97,1084,3086
4,97,1084,3087
4,97,1084,3088
4,97,1084,3089
4,97,1084,3090
4,97,1084,3091
4,97,1084,3092
4,97,1085,3093
4,97,1085,3094
4,97,1085,3095
4,97,1085,3096
4,97,1085,3097
4,97,1085,3098
4,97,1085,3099
4,97,1455
4,97,1456
4,98,1086,3100
4,98,1086,3101
4,98,1086,3102
4,98,1087,3103
4,98,1087,3104
4,98,1340
4,98,1341
4,98,1342
4,98,1343
4,98,1345
4,98,1346
4,98,1347
4,98,1348
4,98,1349
4,98,1350
4,98,1351
4,98,1352
4,98,1353
4,98,1354
4,98,1457
4,98,1458
4,98,1459
4,99,1355
4,99,1356
4,99,1357
4,99,1358
4,99,1359
4,99,1360
4,99,1361
4,151
4,152
4,153
4,200,245
4,200,246
4,200,1362
4,201,248
4,201,249
4,201,250
4,201,251
4,201,252
4,201,253
4,201,254
4,201,256
4,201,257
4,201,258
4,201,259
4,201,1223,4419
4,201,1223,4420
4,201,1223,4421
4,201,1223,4422
4,201,1223,4423
4,201,1223,4865
4,201,1224,4424
4,201,1224,4425
4,201,1224,4426
4,201,1224,4427
4,201,1224,4428
4,201,1225,4429
4,201,1225,4430
4,201,1226,4431
4,201,1226,4432
4,201,1955
4,201,1956
4,201,1957
4,202,260
4,202,261
4,202,262
4,202,263
4,202,1227,4433
4,202,1227,4434
4,202,1227,4435
4,202,1227,4436
4,202,1227,4437
4,202,1228,4438
4,202,1228,4439
4,202,1228,4440
4,202,1228,4441
4,202,1228,4442
4,202,1228,4443
4,202,1228,4444
4,202,1229,4445
4,202,1229,4446
4,202,1229,4448
4,202,1230,4449
4,202,1230,4450
4,202,1230,4451
4,202,1230,4452
4,202,1230,4453
4,202,1231,4454
4,202,1231,4455
4,202,1231,4456
4,202,1231,4457
4,202,1231,4458
4,202,1231,4459
4,202,1232,4460
4,202,1232,4461
4,202,1232,4462
4,202,1233,4463
4,202,1233,4464
4,202,1233,4465
4,202,1233,4466
4,202,1233,4467
4,202,1233,4468
4,202,1234,2079
4,202,1234,4469
4,202,1234,4470
4,202,1235,2080
4,202,1235,2081
4,202,1235,2082
4,202,1235,2083
4,202,1235,2084
4,202,1235,2085
4,202,1236,2086
4,202,1236,2087
4,202,1236,2088
4,202,1237,2089
4,202,1237,2090
4,202,1237,2091
4,202,1237,2092
4,202,1237,2093
4,202,1237,2094
4,202,1237,2095
4,202,1238,2096
4,202,1238,2097
4,202,1238,2098
4,202,1238,2099
4,202,1239,2100
4,202,1239,2101
4,202,1239,2102
4,202,1239,2103
4,202,1240,2104
4,202,1240,2105
4,202,1240,2106
4,202,1240,2107
4,202,1240,2108
4,202,1240,2109
4,202,1240,2110
4,202,1240,2111
4,202,1240,2112
4,202,1240,2113
4,202,1240,2114
4,202,1240,2115
4,202,1240,2116
4,202,1240,2117
4,202,1240,2118
4,202,1240,2119
4,202,2038
4,203,1825
4,203,1826
4,203,1827
4,203,1828
4,203,1829
4,204,1241,2120
4,204,1241,2121
4,204,1241,2122
4,204,1241,2123
4,204,1241,2124
4,204,1241,46486
4,204,1242,2125
4,204,1242,2126
4,204,1242,2129
4,204,1242,2130
4,204,1242,2131
4,204,1242,2132
4,204,1242,2133
4,204,1242,2134
4,204,1242,2135
4,204,1242,2136
4,204,1242,2137
4,204,1242,2138
4,204,1242,4693
4,204,1243,2139
4,204,1243,2140
4,204,1243,2141
4,204,1244,2142
4,204,1244,2143
4,204,1244,2144
4,204,1245,2145
4,204,1245,2146
4,204,1245,2147
4,204,1245,2148
4,204,1245,2149
4,204,1245,2150
4,204,1830
4,204,2036
4,205,1246,2151
4,205,1246,2152
4,205,1246,2153
4,205,1247,2312
4,205,1247,2313
4,205,1247,2314
4,205,1247,3105
4,205,1248,2315
4,205,1248,2316
4,205,1248,9975
4,205,1248,45780
4,205,1249,2318
4,205,1249,2319
4,205,1249,2320
4,205,1249,3106
4,205,1250,2321
4,205,1250,2322
4,205,1250,2323
4,205,1250,4903
4,205,1250,9968
4,205,1251,2324
4,205,1251,2325
4,205,1251,2326
4,205,1251,2327
4,205,1251,2328
4,205,1252,2329
4,205,1252,2330
4,205,1252,2331
4,205,1253,2332
4,205,1253,2333
4,205,1253,2334
4,205,1253,2335
4,205,1253,2336
4,205,1253,2337
4,205,1779
4,205,1780
4,205,1781
4,205,1782
4,205,1783
4,205,1784
4,205,1785
4,205,1786
4,205,1787
4,205,1788
4,205,1789
4,205,1790
4,205,1791
4,205,1792
4,205,1793
4,206,1254,2338
4,206,1254,2339
4,206,1254,2340
4,206,1254,45681
4,206,1255,2341
4,206,1255,2342
4,206,1255,2343
4,206,1256,2344
4,206,1256,2345
4,206,1256,2346
4,206,1256,2347
4,206,1256,2348
4,206,1256,2349
4,206,1256,2350
4,206,1256,4732
4,206,1256,9967
4,206,1257,2351
4,206,1257,2352
4,206,1258,2353
4,206,1258,2354
4,206,1259,2355
4,206,1259,2356
4,206,1259,2357
4,206,1260,2358
4,206,1260,2359
4,206,1260,2360
4,206,1260,2361
4,206,1260,2362
4,206,1261,2363
4,206,1261,2364
4,206,1261,2365
4,206,1261,4901
4,206,1261,9974
4,206,1262,2366
4,206,1262,2367
4,206,1262,2368
4,206,1262,2369
4,206,1794
4,206,1795
4,206,1796
4,206,1797
4,206,1798
4,206,1799
4,206,1800
4,206,1801
4,206,2013
4,206,2031
4,206,2035
4,207,1263,2370
4,207,1263,2371
4,207,1264,2372
4,207,1264,2373
4,207,1264,2374
4,207,1676
4,207,1690
4,207,1802
4,207,1803
4,207,1804
4,207,1805
4,207,1806
4,207,1807
4,207,1808
4,207,1809
4,207,1810
4,207,1811
4,207,1812
4,207,1813
4,208,1265,2502
4,208,1265,2503
4,208,1266,2504
4,208,1266,2505
4,208,1266,2506
4,208,1266,2507
4,208,1266,2508
4,208,1266,2509
4,208,1266,2510
4,208,1266,9972
4,208,1266,45819
4,208,1267,2511
4,208,1267,2512
4,208,1267,2513
4,208,1267,2514
4,208,1267,2515
4,208,1267,2516
4,208,1267,2517
4,208,1267,3137
4,208,1268,2518
4,208,1268,2519
4,208,1268,2520
4,208,1268,2522
4,208,1269,2523
4,208,1269,2524
4,208,1270,2525
4,208,1270,2526
4,208,1270,2527
4,208,1270,46484
4,208,1270,46485
4,208,1271,2528
4,208,1271,2529
4,208,1271,2530
4,208,1271,2531
4,208,1271,2532
4,208,1271,4868
4,208,1272,2533
4,208,1272,2534
4,208,1272,2536
4,208,1272,2537
4,208,1272,4721
4,208,1272,46483
4,208,1273,2538
4,208,1273,2539
4,208,1274,2541
4,208,1274,2542
4,208,1274,2543
4,208,1274,2544
4,208,1274,45790
4,208,1275,2546
4,208,1275,2547
4,208,1275,45789
4,208,1364
4,208,1677
4,208,1679
4,208,1993,4862
4,208,1993,4863
4,208,1993,4864
4,208,1994
4,208,2019
4,208,45791
4,208,45792,45793
4,208,45792,45794
4,208,45792,45795
4,208,45792,45796
4,209,1042,2566
4,209,1042,2567
4,209,1042,2568
4,209,1042,4722
4,209,1043,2569
4,209,1043,2570
4,209,1043,2571
4,209,1043,4899
4,209,1043,4902
4,209,1044,2572
4,209,1044,2573
4,209,1044,2574
4,209,1044,2575
4,209,1044,2576
4,209,1045,2577
4,209,1045,2578
4,209,1045,2579
4,209,1045,2580
4,209,1045,2581
4,209,1045,2696
4,209,1046,2697
4,209,1046,2698
4,209,1046,4900
4,209,1046,9973
4,209,1047,2699
4,209,1047,3138
4,209,1048,2700
4,209,1048,2701
4,209,1048,2702
4,209,1048,2703
4,209,1155,2560
4,209,1155,2561
4,209,1155,2562
4,209,1156,2563
4,209,1156,2564
4,209,1156,2565
4,209,1276,2548
4,209,1276,2549
4,209,1276,2550
4,209,1277,2551
4,209,1277,2552
4,209,1277,2553
4,209,1277,2554
4,209,1278,2555
4,209,1278,2556
4,209,1278,2557
4,209,1278,2558
4,209,1278,2559
4,209,1278,4733
4,209,1278,4734
4,209,1538
4,209,1539
4,209,1540
4,209,1541
4,209,1542
4,209,1543
4,209,1544
4,209,1545
4,209,1546
4,209,1547
4,209,1548
4,209,1549
4,209,1550
4,209,1551
4,209,1552
4,209,1553
4,209,1554
4,209,1555
4,209,1556
4,209,1557
4,209,1558
4,209,1680
4,209,1681
4,209,1682
4,209,1683
4,209,1684
4,209,1685
4,209,1686
4,209,1687
4,209,1688
4,209,1689
4,209,2012
4,209,2014
4,209,2015
4,209,2016
4,209,2017
4,209,2018
4,209,2037
4,209,2044
4,209,7052
4,210,1049,2704
4,210,1049,2705
4,210,1050,2706
4,210,1050,2707
4,210,1050,9976
4,210,1051,2708
4,210,1051,2709
4,210,1051,2710
4,210,1052,2711
4,210,1052,2712
4,210,1052,2713
4,210,1052,2714
4,210,1052,2715
4,210,1053,2716
4,210,1053,2717
4,210,1053,2718
4,210,1053,2719
4,210,1053,2720
4,210,1054,2721
4,210,1054,2722
4,210,1054,2723
4,210,1054,2724
4,210,1055,2725
4,210,1055,2726
4,210,1056,2727
4,210,1056,2728
4,210,1056,2729
4,210,1056,2730
4,210,1057,2731
4,210,1057,2732
4,210,1057,2733
4,210,1058,2734
4,210,1058,2735
4,210,1058,2736
4,210,1058,2737
4,210,1058,2738
4,210,1058,2739
4,210,1559
5,100,1088,3140
5,100,1088,3141
5,100,1088,3142
5,100,1088,3143
5,100,1088,3144
5,100,1088,3145
5,100,1088,3146
5,100,1088,3147
5,100,1088,3148
5,100,1088,3149
5,100,1088,3150
5,100,1088,3151
5,100,1088,4720
5,100,1088,4943
5,100,1089,3152
5,100,1089,3153
5,100,1089,3154
5,100,1089,3155
5,100,1089,3156
5,100,1090,3157
5,100,1090,3158
5,100,1090,3159
5,100,1090,3160
5,100,1090,3161
5,100,1091,3162
5,100,1091,3163
5,100,1091,3164
5,100,1091,3165
5,100,1091,3166
5,100,1092,3167
5,100,1092,3168
5,100,1092,3169
5,100,1092,3170
5,100,1157
5,100,1158
5,100,1159
5,100,7040
5,101,1094,3172
5,101,1094,3173
5,101,1094,3174
5,101,1094,3175
5,101,1094,3176
5,101,1094,3177
5,101,1094,3178
5,101,1094,3179
5,101,1094,3180
5,101,1094,46430
5,101,1095,3181
5,101,1095,3182
5,101,1095,3183
5,101,1160
5,101,1161
5,102,1096,3184
5,102,1096,3185
5,102,1096,3186
5,102,1096,3187
5,102,1096,3188
5,102,1096,3189
5,102,1162
5,102,1164
5,102,1165
5,102,1166
5,102,1167
5,103,1168
5,103,1169
5,103,1170
5,103,1171
5,103,1172
5,103,1173
5,103,1174
5,103,1175
5,103,1176
5,103,1177
5,103,1178
5,103,1179
5,104,1097,3190
5,104,1097,3584
5,104,1097,3585
5,104,1097,3586
5,104,1180
5,104,1181
5,104,1182
5,104,1183
5,104,1184
5,104,1185
5,104,1186
5,104,1187
5,104,1188
5,104,1189
5,104,1190
5,104,1191
5,104,1192
5,105,1098,3191
5,105,1098,3587
5,105,1098,3588
5,105,1098,3589
5,105,1098,3590
5,105,1098,3591
5,105,1098,3592
5,105,1098,3593
5,105,1098,3607
5,105,1098,4979
5,105,1099,3192
5,105,1099,3193
5,105,1099,3194
5,105,1099,3207
5,105,1099,3208
5,105,1099,3209
5,105,1099,3210
5,105,1099,3211
5,105,1099,3594
5,105,1099,3595
5,105,1100,3212
5,105,1100,3213
5,105,1100,3214
5,105,1100,3215
5,105,1100,3216
5,105,1100,3217
5,105,1100,3218
5,105,1100,3219
5,105,1100,3220
5,105,1100,3221
5,105,1100,3222
5,105,1193
5,105,1194
5,106,922
5,106,923
5,106,924
5,106,925
5,106,926
5,106,927
5,107,928
5,107,929
5,107,930
5,107,931
5,107,932
5,107,933
5,107,934
5,107,978,3223
5,107,978,3224
5,107,978,3225
5,107,978,3226
5,107,978,3227
5,107,978,3228
5,107,978,3229
5,107,978,3230
5,107,979,3231
5,107,979,3232
5,107,979,3233
5,107,979,3234
5,107,979,3235
5,107,979,3236
5,107,979,3237
5,107,980,3238
5,107,980,3596
5,107,980,3597
5,107,980,3598
5,107,980,3599
5,107,980,3600
5,107,980,3601
5,107,980,4959
5,107,981,3239
5,107,981,3240
5,107,981,3241
5,107,981,3242
5,107,981,3243
5,107,981,3244
5,107,42810,45727
5,107,42810,45728
5,107,42810,45729
5,107,42810,45778
5,107,45782,3245
5,107,45782,3602
5,107,45782,3603
5,107,45782,3604
5,107,45782,3605
5,107,45782,3606
5,107,45782,3608
5,107,45783
5,108,836
5,108,837
5,108,838
5,108,839
5,108,840
5,108,841
5,108,842
5,108,843
5,108,935
5,108,936
5,108,937
5,108,938
5,108,939
5,108,940
5,108,941
5,108,942
5,108,982,3246
5,108,982,3247
5,108,983,3248
5,108,983,3249
5,108,983,3250
5,108,983,3251
5,108,983,3252
5,108,983,3253
5,108,983,3254
5,108,983,3255
5,108,983,3256
5,108,983,3257
5,108,983,3258
5,108,983,9978
5,108,984,3259
5,108,984,3260
5,108,984,3261
5,108,985,3262
5,108,985,3263
5,108,985,3264
5,108,985,3265
5,108,985,3266
5,108,985,3267
5,108,985,3268
5,108,986,3269
5,108,986,3270
5,108,986,3271
5,108,986,3272
5,108,986,3273
5,108,986,4873
5,108,986,4874
5,108,1947,4728
5,108,1947,4729
5,108,1947,4730
5,108,1947,4731
5,108,1947,4856
5,108,1947,9952
5,109,844
5,109,845
5,109,846
5,109,847
5,109,848
5,109,849
5,109,850
5,109,851
5,109,987,3386
5,109,987,3387
5,109,987,3388
5,109,987,3389
5,109,988,3390
5,109,988,3391
5,109,988,3392
5,109,988,3393
5,109,988,3394
5,109,989,3395
5,109,989,3396
5,109,990,3397
5,109,990,3398
5,109,2033
5,109,2034
5,110,852
5,110,991,3399
5,110,991,3400
5,110,991,3401
5,110,991,3402
5,110,992,3403
5,110,992,3404
5,110,992,3405
5,110,992,3406
5,110,993,3407
5,110,993,3408
5,110,993,3409
5,110,993,3410
5,110,994,3411
5,110,994,3412
5,110,994,3413
5,110,994,3414
5,110,995,3415
5,110,995,3416
5,111,853
5,111,854
5,111,996,3417
5,111,996,3418
5,111,996,3419
5,111,996,3420
5,111,997,3421
5,111,997,3422
5,111,998,3423
5,111,998,3424
5,111,998,3425
5,111,998,3426
5,112,732
5,112,855
5,112,856
5,112,857
5,112,858
5,112,999,3427
5,112,999,3428
5,112,999,3429
5,113,733
5,113,737
5,113,738
5,113,739
5,113,740
5,113,741
5,113,742
5,113,743
5,113,744
5,113,745
5,113,746
5,113,747
5,113,1000,3430
5,113,1000,3431
5,113,1000,3432
5,113,1940
5,114,729
5,114,730
5,114,731
5,114,1004,3570
5,114,1004,3571
5,114,1004,3572
5,114,1004,3573
5,114,1005,3574
5,114,1005,3575
5,114,1005,3576
5,114,1005,3577
5,114,1005,3578
5,114,1006,3579
5,114,1006,3580
5,114,1006,3581
5,114,1006,3582
5,114,1999
5,154,1001,3433
5,154,1001,3434
5,154,1001,3436
5,154,1001,3437
5,154,1002,3438
5,154,1002,3439
5,154,1002,3440
5,154,1002,3441
5,154,1002,3442
5,154,1002,3443
5,154,1002,3553
5,154,1002,3554
5,154,1003,3555
5,154,1003,3556
5,154,1003,3557
5,154,1003,3558
5,154,1003,3559
5,154,1003,3560
5,154,1003,3561
5,154,1003,3562
5,154,1003,3563
5,154,1003,3564
5,154,1003,3565
5,154,1003,3566
5,154,1003,3567
5,154,1003,3568
5,154,1003,3569
8,21
8,22
8,23
8,28,961,2607
8,28,961,2608
8,28,961,2609
8,28,961,2610
8,28,961,2611
8,28,961,2612
8,28,961,2613
8,28,961,2614
8,28,962,2615
8,28,962,2616
8,28,962,2617
8,28,963,2618
8,28,963,2619
8,28,963,2620
8,28,963,2621
8,28,963,2622
8,28,963,2624
8,28,963,2625
8,28,963,2626
8,28,963,2627
8,28,1596
8,28,1597
8,28,2077
8,29,964,2628
8,29,964,2629
8,29,964,2630
8,29,964,2631
8,29,964,2632
8,29,964,2633
8,29,964,2634
8,29,964,3195
8,29,965,2635
8,29,965,2636
8,29,965,2637
8,29,965,45799
8,29,966,2638
8,29,966,2639
8,29,966,2640
8,29,966,2641
8,29,966,2642
8,29,966,2643
8,29,966,2644
8,29,966,2645
8,29,966,4741
8,29,966,45824
8,29,966,45825
8,29,966,45826
8,29,966,45827
8,29,1154
8,29,1598
8,29,1599
8,29,1602
8,29,1917
8,29,45800,45801
8,29,45800,45802
8,29,45800,45803
8,29,45800,45804
8,29,45805,45806
8,29,45805,45807
8,29,45805,45808
8,29,45805,45809
8,29,45805,45810
8,29,45805,45811
8,29,45805,45812
8,29,45813
8,29,45814
8,30,967,2646
8,30,967,2647
8,30,967,2648
8,30,967,2755
8,30,967,2756
8,30,967,2757
8,30,967,2758
8,30,967,2759
8,30,967,2760
8,30,967,2761
8,30,967,2762
8,30,968,2763
8,30,968,2764
8,30,968,2765
8,30,968,2766
8,30,968,2767
8,30,968,2768
8,30,969,2769
8,30,969,2770
8,30,969,2771
8,30,969,2772
8,30,969,2773
8,30,969,2774
8,30,969,2775
8,30,969,4735
8,30,970,2776
8,30,970,2777
8,30,970,2778
8,30,970,2779
8,30,970,2780
8,30,970,2781
8,30,970,46488
8,30,971,2782
8,30,971,2783
8,30,971,2785
8,30,972,2786
8,30,972,2787
8,30,972,2788
8,30,972,2789
8,30,972,2790
8,30,972,2791
8,30,972,2792
8,30,1572
8,30,1573
8,30,1574
8,30,46489,46490
8,30,46489,46491
8,30,46489,46492
8,31,880,3027
8,31,880,3028
8,31,881,3108
8,31,881,3109
8,31,881,3110
8,31,881,3111
8,31,881,3112
8,31,881,3113
8,31,881,9977
8,31,882,3114
8,31,882,3115
8,31,882,3116
8,31,882,3117
8,31,882,3118
8,31,882,3119
8,31,882,3120
8,31,882,3121
8,31,882,4739
8,31,1365
8,31,1366
8,31,1367
8,31,1368
8,31,1369
8,31,1438
8,31,1439
8,31,1440
8,31,1441
8,31,1442
8,31,1443
8,31,1444
8,31,1445
8,31,7061
8,31,45818
8,32,883,3122
8,32,883,3123
8,32,883,3124
8,32,1370
8,32,1371
8,32,1372
8,32,45829
8,33,1373
8,33,1934
8,33,1984
8,34,1374
8,34,1375
8,34,1376
8,34,1377
8,34,1378
8,34,1379
8,34,1380
8,34,1908
8,35,884,3125
8,35,884,3126
8,35,884,3127
8,35,884,3196
8,35,885,3128
8,35,885,3129
8,35,885,3130
8,35,886,3131
8,35,886,3132
8,35,886,3133
8,35,886,3134
8,35,1381
8,35,1942
8,35,7062,9979
8,35,7062,9980
8,36,887,3135
8,36,887,3136
8,36,1383
8,36,1384
8,36,1385
8,36,1386
8,36,1387
8,36,1388
8,36,1389
8,36,1390
8,36,1899
8,37,1041
8,37,1279
8,37,1280
8,37,1281
8,37,1282
8,37,1283
8,37,1391
8,37,1392
8,37,1393
8,37,1394
8,37,1395
8,37,1900
8,38,1284
8,38,1285
8,38,1286
8,38,1287
8,38,1288
8,38,1901
8,39,1289
8,39,1290
8,39,1291
8,39,1292
8,39,1902
8,40,1195
8,40,1293
8,40,1294
8,40,1295
8,40,1296
8,40,1903
8,41,1196
8,41,1197
8,41,1198
8,41,1199
8,41,1200
8,41,1201
8,41,1202
8,41,1203
8,41,1204
8,41,1904
8,42,1205
8,42,1206
8,42,1207
8,42,1208
8,42,1209
8,42,1210
8,42,1211
8,42,1905
8,43,1212
8,43,1213
8,43,1214
8,44,1101
8,44,1102
8,44,1103
8,44,1104
8,44,1105
8,45,1106
8,45,1107
8,45,1108
8,45,1109
8,45,1110
8,45,1906
8,46,1111
8,46,1112
8,46,1113
8,46,1114
8,46,1115
8,46,1116
8,46,1117
8,46,1118
8,46,1119
8,46,1120
8,46,1121
8,46,1122
8,46,1123
8,46,1124
8,46,1125
8,47,1126
8,47,1127
8,47,1128
8,47,1129
8,47,1130
8,47,1996
8,48,1131
8,48,1933
8,49,1132
8,49,1133
8,49,1134
8,49,2076
8,50,1135
8,50,1136
8,50,1137
8,50,1138
8,50,1139
8,50,1140
8,50,7054
8,50,7055
8,50,7056
8,50,7057
8,50,7058
8,50,7059
8,50,7060
8,51,1141
8,51,1142
8,51,1143
8,52,1144
8,52,1145
8,52,1146
8,52,1147
8,52,1149
8,53,1038
8,53,1040
8,53,1150
8,53,1152
8,53,1153
8,53,1911
8,53,1958
8,53,1959
8,53,1960
8,161,973,2793
8,161,973,2794
8,161,973,2795
8,161,973,2796
8,161,973,2797
8,161,973,2798
8,161,973,2799
8,161,973,2800
8,161,974,2801
8,161,974,2802
8,161,974,2803
8,161,974,2804
8,161,974,2805
8,161,974,2806
8,161,974,2807
8,161,974,2808
8,161,974,2809
8,161,974,2810
8,161,974,2811
8,161,974,2812
8,161,974,2813
8,161,974,2814
8,161,974,2815
8,161,974,2816
8,161,974,2817
8,161,974,2818
8,161,974,2819
8,161,974,4961
8,161,975,2820
8,161,975,2821
8,161,975,2822
8,161,975,2823
8,161,975,2824
8,161,975,2825
8,161,975,2826
8,161,975,2827
8,161,975,2828
8,161,975,2829
8,161,975,2830
8,161,975,2831
8,161,975,2832
8,161,976,2833
8,161,976,2834
8,161,976,2835
8,161,976,2836
8,161,976,2837
8,161,976,2838
8,161,976,3197
8,162,859,2842
8,162,859,2843
8,162,859,2844
8,162,859,2845
8,162,860,2846
8,162,860,2847
8,162,860,2848
8,162,860,2849
8,162,860,2850
8,162,860,2851
8,162,861,2852
8,162,861,2853
8,162,861,2943
8,162,861,2944
8,162,862,2945
8,162,862,2946
8,162,862,2947
8,162,862,2948
8,162,862,2949
8,162,863,2950
8,162,863,2951
8,162,863,2952
8,162,863,2953
8,162,863,2954
8,162,863,2955
8,162,863,2956
8,162,977,2839
8,162,977,2840
8,162,977,2841
8,163,864,2957
8,163,864,2958
8,163,864,2959
8,163,864,2960
8,163,864,2961
8,163,864,4939
8,163,864,4940
8,163,864,4941
8,163,865,2962
8,163,865,2963
8,163,865,2964
8,163,865,2965
8,163,866,2966
8,163,866,2967
8,163,866,2968
8,163,866,2969
8,163,867,2970
8,163,867,2971
8,163,867,2972
8,163,867,2973
8,163,867,2974
8,163,867,2975
8,163,868,2976
8,163,868,2977
8,163,868,2978
8,163,868,2979
8,163,868,2980
8,163,868,2981
8,163,868,2982
8,163,868,2983
8,163,869,2984
8,163,869,2985
8,163,869,2986
8,163,869,2987
8,163,869,2988
8,163,869,2989
8,163,870,2990
8,163,870,2991
8,163,870,2992
8,163,870,2993
8,163,870,2994
8,163,870,2995
8,163,870,2996
8,163,870,2997
8,163,870,2998
8,163,870,2999
8,163,870,3000
8,163,870,4889
8,163,870,4890
8,163,871,3001
8,163,871,3002
8,163,871,3003
8,163,871,3004
8,163,871,3005
8,163,871,4887
8,163,871,4888
8,163,2002,4878
8,163,2002,4879
8,163,2002,4880
8,163,2002,4881
8,163,2002,4882
8,163,2002,4883
8,163,2002,4884
8,163,2002,4946
8,164,872,3006
8,164,872,3007
8,164,872,3008
8,164,872,3009
8,164,874,3010
8,164,874,3011
8,164,874,4700
8,164,874,4926
8,164,874,45822
8,164,876,3012
8,164,876,3013
8,164,876,3014
8,164,876,4736
8,164,876,4737
8,164,876,4738
8,164,879,3015
8,164,879,3016
8,164,879,3017
8,164,879,3018
8,164,879,3019
8,164,879,3020
8,164,879,3021
8,164,879,3022
8,164,879,3023
8,164,879,3024
8,164,879,3025
8,164,879,3026
9,54,568
9,54,799,3675
9,54,799,3676
9,54,799,3677
9,54,799,3678
9,54,799,3679
9,54,799,3680
9,54,799,3681
9,54,800,3682
9,54,800,3683
9,54,800,3684
9,54,801,3685
9,54,801,3686
9,54,801,3687
9,54,801,3688
9,54,801,3689
9,54,801,3690
9,54,801,3691
9,54,801,3692
9,54,802,3693
9,54,802,3694
9,54,802,3695
9,54,802,3696
9,54,802,3697
9,54,802,3698
9,54,802,3699
9,54,802,3700
9,54,803,3767
9,54,803,3768
9,54,803,3769
9,54,804,3770
9,54,804,3771
9,54,804,3772
9,54,804,3773
9,54,804,3774
9,54,805,3775
9,54,805,3776
9,54,805,3777
9,54,805,3778
9,54,805,3779
9,54,806,3780
9,54,806,3781
9,54,806,3782
9,54,806,3783
9,54,806,3784
9,54,806,3785
9,54,806,3786
9,54,807,3787
9,54,807,3788
9,54,807,3789
9,54,807,3790
9,54,808,3791
9,54,808,3792
9,54,808,3793
9,54,808,3794
9,55,392
9,55,393
9,55,569
9,55,570
9,55,809,1888
9,55,809,3795
9,55,809,3796
9,55,809,3797
9,55,809,3798
9,55,809,3800
9,55,809,3801
9,55,809,3802
9,55,809,3803
9,55,809,3804
9,55,809,3805
9,55,809,3806
9,55,810,3807
9,55,810,3808
9,55,810,3809
9,55,810,3810
9,55,810,3811
9,55,810,3812
9,55,811,3813
9,55,811,4858
9,55,811,4859
9,55,811,4860
9,55,811,4861
9,55,812,3814
9,55,812,3815
9,55,812,3816
9,55,812,3817
9,55,813,3819
9,55,814,3820
9,55,814,3821
9,55,814,3822
9,55,814,3823
9,55,814,3824
9,55,814,3825
9,55,814,3826
9,55,814,3827
9,55,814,3828
9,55,814,3829
9,55,814,3830
9,55,814,3831
9,55,814,3832
9,55,814,3833
9,55,814,3834
9,55,814,3835
9,55,814,3837
9,55,814,3838
9,55,814,3839
9,55,814,3840
9,55,814,3841
9,55,814,3842
9,55,814,3843
9,55,814,3844
9,55,814,3845
9,55,815,3846
9,55,815,3847
9,55,815,3848
9,55,815,3849
9,55,815,3850
9,55,815,3851
9,55,815,3852
9,55,816,3853
9,55,816,3854
9,55,816,3855
9,55,816,3856
9,55,816,3857
9,55,816,3858
9,55,816,3924
9,55,816,3925
9,55,817,3926
9,55,817,3927
9,55,817,3928
9,55,817,3929
9,55,817,3930
9,55,817,3931
9,55,817,3932
9,55,817,3933
9,55,817,3934
9,55,817,3935
9,55,817,3936
9,55,818,3937
9,55,818,3938
9,55,818,3939
9,55,818,3940
9,55,818,3941
9,55,818,3942
9,55,818,3943
9,55,818,3944
9,55,818,3945
9,55,818,3946
9,55,818,3947
9,55,818,3948
9,55,818,3949
9,55,818,3950
9,55,818,3951
9,55,818,3952
9,55,818,3953
9,55,818,3954
9,55,818,3955
9,55,819,1889
9,55,819,3956
9,55,819,3957
9,55,819,3958
9,55,819,3959
9,55,819,3960
9,55,819,3962
9,55,819,3963
9,55,819,3964
9,55,819,3965
9,55,819,3966
9,55,819,3967
9,55,819,3968
9,55,819,3969
9,55,819,3970
9,55,819,3971
9,55,819,3972
9,55,819,3973
9,55,820,3974
9,55,820,3975
9,55,820,3976
9,55,820,3977
9,55,820,3978
9,55,820,3979
9,55,820,3980
9,55,821,3981
9,55,821,3982
9,55,821,3983
9,55,821,3984
9,55,821,3985
9,55,821,3986
9,55,821,3987
9,55,821,3988
9,55,821,3989
9,55,821,3990
9,55,821,3991
9,55,822,3992
9,55,822,3993
9,55,823,3994
9,55,823,3995
9,55,823,3996
9,55,823,3997
9,55,824,3998
9,55,824,3999
9,55,824,4000
9,55,824,4001
9,55,824,4002
9,55,824,4003
9,55,824,4004
9,55,824,4005
9,55,824,4006
9,55,824,4007
9,55,824,4008
9,55,824,4009
9,56,347
9,56,348
9,56,349
9,56,350
9,56,351
9,56,825,4010
9,56,825,4011
9,56,825,4012
9,56,826,4013
9,56,826,4014
9,56,827,4015
9,56,827,4146
9,56,827,4147
9,56,827,4148
9,56,827,4857
9,56,827,4927
9,56,827,4928
9,56,828,4149
9,56,828,4150
9,56,828,4151
9,56,828,4152
9,56,828,4153
9,56,828,4154
9,56,828,4155
9,56,828,4706
9,56,829,4156
9,56,829,4157
9,56,829,4158
9,56,830,4159
9,56,830,4160
9,56,831,4161
9,56,831,4162
9,56,833,4165
9,56,833,4166
9,56,2041,4947
9,56,2041,4948
9,56,2041,4949
9,56,2041,4950
9,56,2041,4951
9,56,2041,4952
9,56,2041,4953
9,57,352
9,57,353
9,57,354
9,57,355
9,57,356
9,57,357
9,57,358
9,57,359
9,57,360
9,57,361
9,58,230
9,58,231
9,59,232
9,59,233
9,59,234
9,59,235
9,59,236
9,59,237
9,59,238
9,59,756,4340
9,59,756,4341
9,59,757,4342
9,59,757,4343
9,60,239
9,60,240
9,60,241
9,61,217
9,61,758,4344
9,61,758,4345
9,61,758,4346
9,61,758,4347
9,61,758,4348
9,61,758,4349
9,61,758,4350
9,61,758,4351
9,61,758,4352
9,61,758,4353
9,61,758,4354
9,61,758,4355
9,61,758,4356
9,61,758,4357
9,61,758,4358
9,61,758,4359
9,61,758,4360
9,61,758,4361
9,61,758,4362
9,61,758,4363
9,61,758,4364
9,61,759,4365
9,61,759,4366
9,61,759,4367
9,61,759,4368
9,61,759,4369
9,61,759,4370
9,61,759,4371
9,61,759,4372
9,61,759,4694
9,61,760,4373
9,61,760,4374
9,61,760,4375
9,61,760,4376
9,61,760,4377
9,61,760,4378
9,61,760,4379
9,61,760,4380
9,61,760,4381
9,61,760,4382
9,61,760,4383
9,61,760,4384
9,61,761,4385
9,61,761,4386
9,61,761,4387
9,61,761,4388
9,61,761,4389
9,61,762,4390
9,61,762,4391
9,61,762,4392
9,61,763,4393
9,61,763,4394
9,61,763,4395
9,61,763,4396
9,61,763,4397
9,61,763,4398
9,61,763,4399
9,61,763,4400
9,61,763,4401
9,61,763,4402
9,61,763,4403
9,61,763,4404
9,61,763,4405
9,61,763,4406
9,61,763,4407
9,61,763,4695
9,61,764,4573
9,61,764,4574
9,61,764,4575
9,61,764,4576
9,61,764,4577
9,61,764,4578
9,61,764,4579
9,61,764,4580
9,61,764,4581
9,61,765,4582
9,61,765,4583
9,61,765,4584
9,61,765,4585
9,61,766,4586
9,61,766,4587
9,61,766,4588
9,61,767,4589
9,61,767,4590
9,61,767,4591
9,61,767,4592
9,61,767,4593
9,61,767,4594
9,61,767,4595
9,61,767,4596
9,61,767,4597
9,61,767,4598
9,61,767,4599
9,61,767,4600
9,61,767,4601
9,61,767,4602
9,61,767,4603
9,61,767,4604
9,61,767,4605
9,61,767,4606
9,61,767,4607
9,61,767,4608
9,61,768,4609
9,61,768,4610
9,61,768,4611
9,61,768,4612
9,61,768,4613
9,61,768,4614
9,61,768,4615
9,61,769,1890
9,61,769,4616
9,61,769,4617
9,61,769,4619
9,61,769,4620
9,61,769,4621
9,61,770,4622
9,61,770,4623
9,61,770,4624
9,61,770,4625
9,61,770,4626
9,61,770,4627
9,61,770,4628
9,61,770,4629
9,61,770,4630
9,61,770,4631
9,61,770,4632
9,61,770,4633
9,61,770,4634
9,61,770,4635
9,61,770,4636
9,61,770,4637
9,61,770,4638
9,61,770,4639
9,61,771,4640
9,61,771,4641
9,61,771,4642
9,61,771,4643
9,61,771,4644
9,61,771,4645
9,61,771,4646
9,61,771,4647
9,61,771,4648
9,61,771,4649
9,61,771,4650
9,61,771,4651
9,61,771,4652
9,61,771,4653
9,61,771,4654
9,61,771,4655
9,61,771,4656
9,61,771,4657
9,61,771,4658
9,61,771,4659
9,61,771,4660
9,61,772,4661
9,61,772,4662
9,61,772,4663
9,61,772,4664
9,61,772,4665
9,61,772,4666
9,61,772,4667
9,61,772,4668
9,61,772,4669
9,62,778,2305
9,62,778,2306
9,62,1850
9,62,1851
9,62,1852
9,62,1853
9,62,1854
9,62,1855
9,62,1856
9,62,1857
9,62,1858
9,62,1859
9,62,1860
9,63,779,2307
9,63,779,2308
9,63,1861
9,63,1862
9,63,1863
9,63,1864
9,63,1865
9,63,1866
9,64,1867
9,64,1868
9,64,1869
9,64,1870
9,64,1871
9,64,1872
9,64,1873
9,64,1874
9,64,1875
9,64,1876
9,64,1877
9,64,1878
9,64,1938
9,64,1939
9,64,2010
9,64,45797
9,64,45798
9,65,1879
9,65,1880
9,65,1881
9,66,1882
9,66,1883
9,66,1884
9,66,1885
9,66,1907
9,67,780,2309
9,67,780,2310
9,67,780,2311
9,67,1761
9,67,1762
9,67,1763
9,67,1764
9,67,1765
9,67,1766
9,67,1886
9,67,1887
9,68,1768
9,68,1775
9,68,1776
9,68,1777
9,68,1778
9,68,7050
9,68,7051
9,69,1739
9,69,1740
9,69,1741
9,69,1742
9,69,1743
9,69,1744
9,69,1745
9,70,1746
9,70,1747
9,71,1748
9,71,1749
9,72,1750
9,72,1751
9,72,1752
9,72,1753
9,72,1754
9,72,1755
9,72,1756
9,72,1757
9,72,1758
9,72,1759
9,73,1644
9,73,1645
9,73,1646
9,73,1760
9,74,1647
9,74,1648
9,74,1649
9,74,1650
9,74,1651
9,74,1652
9,74,1653
9,74,1654
9,75,1655
9,75,1657
9,75,1658
9,75,1659
9,75,1660
9,76,781,2457
9,76,781,2458
9,76,781,2459
9,76,781,4696
9,76,782,2460
9,76,782,2461
9,76,782,2462
9,76,782,2463
9,76,782,2464
9,76,783,2465
9,76,783,2466
9,76,1661
9,76,1662
9,76,1663
9,76,1664
9,76,1665
9,76,1920
9,77,784,2467
9,77,784,2468
9,77,784,2469
9,77,784,2470
9,77,1666
9,77,1667
9,77,1668
9,77,1669
9,77,1670
9,77,1671
9,77,1672
9,77,1673
9,77,1674
9,77,1675
9,78,785,2471
9,78,785,2472
9,78,785,2473
9,78,785,2474
9,78,785,2476
9,78,785,2477
9,78,785,2478
9,78,785,2479
9,78,785,2480
9,78,785,2481
9,78,786,2482
9,78,786,2483
9,78,787,2484
9,78,787,2485
9,78,787,2486
9,78,787,2487
9,78,788,2488
9,78,788,2489
9,78,788,2490
9,78,788,2491
9,78,788,2492
9,78,788,2493
9,78,788,2494
9,78,788,2495
9,78,788,2496
9,78,788,2497
9,78,788,2498
9,78,788,2499
9,78,788,2500
9,78,788,2501
9,78,788,2649
9,78,788,2650
9,78,788,2651
9,78,788,4877
9,78,789,2652
9,78,789,2653
9,78,789,2654
9,78,790,2655
9,78,790,2656
9,78,790,2657
9,78,790,2658
9,78,790,2659
9,78,790,2660
9,78,790,2661
9,78,790,2662
9,78,790,2663
9,78,790,2664
9,78,790,2665
9,78,791,2666
9,78,791,2667
9,78,791,2668
9,78,791,2669
9,78,791,2670
9,78,791,2671
9,78,791,2672
9,78,791,2673
9,78,791,4897
9,78,792,2674
9,78,792,2675
9,78,792,2676
9,78,792,2677
9,78,792,2678
9,78,792,2679
9,78,792,2680
9,78,792,2681
9,78,792,2682
9,78,792,2683
9,78,792,2684
9,78,792,4978
9,78,793,2685
9,78,793,2686
9,78,793,2687
9,78,793,2688
9,78,793,2689
9,78,793,2690
9,78,793,2691
9,78,1608
9,79,1609
9,79,1610
9,79,1611
9,79,1612
9,79,1613
9,79,1614
9,79,1615
9,79,1616
9,79,1617
9,79,1618
9,79,1619
9,79,1620
9,79,1632
9,79,1633
9,79,1634
9,79,1635
9,79,1636
9,79,1637
9,79,2000
9,79,2001
9,80,1621
9,80,1622
9,80,1623
9,80,1624
9,80,1625
9,80,1626
9,80,1627
9,80,1628
9,80,1629
9,80,1630
9,80,1631
9,81,794,2692
9,81,794,2693
9,81,795,2694
9,81,795,2695
9,81,1521
9,81,1638
9,81,1639
9,81,1640
9,81,1641
9,81,1642
9,81,1643
9,155,225
9,155,226
9,155,227
9,155,228
9,155,229
9,155,1964,4754
9,155,1964,4755
9,155,1964,4756
9,155,1964,4757
9,155,1964,4758
9,155,1964,45733
9,155,1965,4759
9,155,1965,4760
9,155,1965,4761
9,155,1965,4762
9,155,1965,4763
9,155,1965,4764
9,155,1965,4765
9,155,1965,4766
9,155,1965,4767
9,155,1965,45744
9,155,1966,4768
9,155,1966,4769
9,155,1966,4770
9,155,1966,4771
9,155,1966,4773
9,155,1966,4774
9,155,1967,4775
9,155,1967,4776
9,155,1967,4777
9,155,1967,4778
9,155,1967,4779
9,155,1967,4780
9,155,1967,4781
9,155,1968,4782
9,155,1968,4783
9,155,1968,4784
9,155,1968,4785
9,155,1968,4786
9,155,1968,4787
9,155,1968,4788
9,155,1968,4789
9,155,1968,4790
9,155,1968,45736
9,155,1968,45738
9,155,1970,4791
9,155,1970,4792
9,155,1970,4793
9,155,1970,4794
9,155,1970,45755
9,155,1971,4795
9,155,1971,4796
9,155,1971,4798
9,155,1971,4799
9,155,1971,45742
9,155,1972,4800
9,155,1972,4801
9,155,1972,4802
9,155,1972,4803
9,155,1972,4804
9,155,1972,4805
9,155,1972,4806
9,155,1972,4807
9,155,1972,4808
9,155,1972,45739
9,155,1973,4809
9,155,1973,4810
9,155,1973,4811
9,155,1973,4812
9,155,1973,4813
9,155,1973,4814
9,155,1973,4815
9,155,1973,4816
9,155,1973,4817
9,155,1973,45743
9,155,1974,4818
9,155,1974,4819
9,155,1974,4820
9,155,1974,45754
9,155,1976
9,155,1977,4829
9,155,1977,4830
9,155,1977,4831
9,155,1977,4832
9,155,1977,4833
9,155,1977,4891
9,155,1978,4834
9,155,1978,45740
9,155,1978,45745
9,155,1978,45746
9,155,1978,45748
9,155,1978,45750
9,155,1978,45784
9,155,1978,45785
9,155,1979,4837
9,155,1979,4838
9,155,1979,4839
9,155,1979,4840
9,155,1979,4841
9,155,1979,4962
9,155,1979,4963
9,155,1979,4964
9,155,1979,4965
9,155,1979,4966
9,155,1979,4967
9,155,1979,4968
9,155,1979,4969
9,155,1979,4970
9,155,1979,4971
9,155,1979,4972
9,155,1979,4973
9,155,1979,4974
9,155,1979,4975
9,155,1979,4976
9,155,1979,4977
9,155,1980,4842
9,155,1980,4843
9,155,1980,4844
9,155,1980,4845
9,155,1980,4846
9,155,1981,4847
9,155,1981,4848
9,155,1981,4849
9,155,1983,4852
9,155,1983,4853
9,155,1983,4854
9,155,1983,4855
9,155,42812,45747
9,155,42812,45749
9,156,748,4171
9,156,748,4172
9,156,748,4173
9,156,748,4174
9,156,748,4175
9,156,748,4176
9,156,749,4177
9,156,749,4178
9,156,749,4179
9,156,749,4180
9,156,749,4181
9,156,750,4182
9,156,750,4183
9,156,750,4184
9,156,750,4185
9,156,750,4186
9,156,750,4187
9,156,750,4188
9,156,750,4189
9,156,750,4190
9,156,750,4191
9,156,750,4192
9,156,751,4193
9,156,751,4194
9,156,751,4195
9,156,751,4196
9,156,751,4197
9,156,751,4198
9,156,751,4199
9,156,751,4200
9,156,751,4201
9,156,751,4202
9,156,751,4203
9,156,751,4204
9,156,751,4205
9,156,751,4206
9,156,751,4207
9,156,751,4208
9,156,752,4209
9,156,752,4210
9,156,752,4211
9,156,752,4212
9,156,752,4213
9,156,752,4214
9,156,753,4215
9,156,753,4216
9,156,753,4217
9,156,753,4218
9,156,753,4219
9,156,753,4220
9,156,753,4221
9,156,753,4222
9,156,753,4223
9,156,753,4224
9,156,753,4225
9,156,753,4226
9,156,754,4227
9,156,754,4228
9,156,754,4229
9,156,754,4230
9,156,754,4231
9,156,754,4232
9,156,754,4233
9,156,755,4234
9,156,755,4235
9,156,755,4236
9,156,755,4339
9,156,834,4167
9,156,834,4168
9,156,834,4169
9,156,834,4170
9,157,773,2265
9,157,773,4670
9,157,773,4672
9,157,774,2266
9,157,774,2267
9,157,774,2268
9,157,774,45751
9,157,775,2270
9,157,775,2275
9,157,775,2280
9,157,775,2282
9,157,775,2284
9,157,775,2290
9,157,775,2293
9,157,776,2295
9,157,776,2296
9,157,776,2298
9,157,776,2300
9,157,776,2301
9,157,776,2302
9,157,777,2303
9,157,777,2304
9,157,42813,45766
9,157,42813,45770
9,157,42813,45772
9,157,42814,45741
9,157,42814,45752
9,157,42814,45753
9,157,42814,45758
9,157,42814,45759
9,157,42814,45760
9,157,42814,45761
9,157,42815,45734
9,157,42815,45762
9,157,42815,45763
9,157,42816,45764
9,157,42816,45767
9,157,42817,45756
9,157,42817,45757
9,157,42817,45768
9,157,42817,45769
9,157,42817,45773
9,157,42817,45774
9,157,42817,45775
9,157,42818,45771
9,157,42818,45776
9,157,42819,45765
9,157,42819,45777
9,158,797,3661
9,158,797,3662
9,158,797,3663
9,158,797,3664
9,158,797,3665
9,158,798,3666
9,158,798,3667
9,158,798,3668
9,158,798,3669
9,158,798,3670
9,158,798,3672
9,158,798,3673
9,158,798,3674
9,158,798,45689
9,158,798,45690
9,158,907,3465
9,158,907,3466
9,158,907,3467
9,158,907,3468
9,158,907,3469
9,158,907,3471
9,158,908,3472
9,158,908,3473
9,158,908,3474
9,158,908,3475
9,158,908,3476
9,158,909,3479
9,158,909,3480
9,158,909,3481
9,158,909,3482
9,158,909,3483
9,158,909,3484
9,158,909,3485
9,158,909,3486
9,158,909,3487
9,158,909,3488
9,158,909,3489
9,158,909,3490
9,158,909,3491
9,158,909,3492
9,158,909,3493
9,158,909,3494
9,158,909,3495
9,158,909,45683
9,158,909,45684
9,158,910,3497
9,158,910,3498
9,158,910,3499
9,158,910,3500
9,158,911,3501
9,158,911,3502
9,158,911,3503
9,158,911,3504
9,158,911,3505
9,158,911,3506
9,158,911,3507
9,158,912,3508
9,158,912,3509
9,158,912,3510
9,158,912,3511
9,158,912,3513
9,158,912,3514
9,158,912,4875
9,158,912,45692
9,158,912,45693
9,158,912,45694
9,158,912,45695
9,158,915,3633
9,158,915,3634
9,158,915,3635
9,158,915,3636
9,158,915,3637
9,158,915,3638
9,158,915,3639
9,158,915,3640
9,158,915,3641
9,158,916,3642
9,158,916,3643
9,158,916,3644
9,158,916,3645
9,158,916,3646
9,158,916,3647
9,158,916,3648
9,158,916,3649
9,158,916,3650
9,158,916,3651
9,158,916,3652
9,158,916,3653
9,158,916,3654
9,158,916,3655
9,158,916,3656
9,158,916,3657
9,158,916,3658
9,158,916,3659
9,158,916,3660
9,158,916,46487
9,158,42802,45685
9,158,42802,45686
9,158,42802,45687
9,158,42802,45688
9,158,42803,45691
9,158,42803,45697
9,158,42803,45698
9,158,42803,45700
9,158,42804,45696
9,158,42804,45699
9,158,42804,45701
9,158,42804,45702
9,158,42804,45703
9,158,42804,45704
9,158,42804,45705
9,158,42804,45706
9,158,42804,45707
9,158,42804,45708
9,158,42804,45709
9,158,42804,45710
9,158,42804,45711
9,158,42804,45712
9,158,42804,45713
9,158,42804,45779
9,158,42807,45714
9,158,42807,45715
9,158,42807,45716
9,158,42807,45718
9,158,42808,45719
9,158,42808,45721
9,158,42808,45722
9,158,42809,45717
9,158,42809,45720
9,158,42809,45723
9,158,42809,45724
9,158,42809,45725
9,158,42809,45726
9,158,42811,45730
9,158,42811,45731
9,158,42811,45732
9,158,42811,45735
9,158,42811,45737
9,165,888,3198
9,165,888,3199
9,165,888,3200
9,165,888,3201
9,165,888,3202
9,165,888,3203
9,165,889,3204
9,165,889,3205
9,165,889,3206
9,165,889,3274
9,165,889,3275
9,165,890,3276
9,165,890,3277
9,165,890,3278
9,165,890,3279
9,165,890,3280
9,165,890,3281
9,165,890,3282
9,165,891,3283
9,165,891,3284
9,165,891,3285
9,165,891,3286
9,165,892,3287
9,165,892,3288
9,165,892,3289
9,165,892,3290
9,165,892,3291
9,165,892,3292
9,165,892,3293
9,165,892,3294
9,165,892,4717
9,165,893,3295
9,165,893,3296
9,165,893,3297
9,165,893,3298
9,165,893,3299
9,165,893,3300
9,165,893,3301
9,165,893,3302
9,165,894,3303
9,165,894,3304
9,165,894,3305
9,165,894,3306
9,165,894,3307
9,165,894,3308
9,165,894,3309
9,165,894,3310
9,165,894,3311
9,165,894,3312
9,165,894,3313
9,165,894,3314
9,165,894,3315
9,165,894,3316
9,165,894,3317
9,165,894,3318
9,165,894,3319
9,165,894,3320
9,165,895,3321
9,165,895,3322
9,165,895,3324
9,165,895,3325
9,165,895,3326
9,165,895,3327
9,165,895,3328
9,165,895,3329
9,165,895,3330
9,165,895,3331
9,165,895,3332
9,165,895,3333
9,165,896,3334
9,165,896,3335
9,165,896,3336
9,165,896,3337
9,165,896,3338
9,165,896,3339
9,165,896,3340
9,165,896,3341
9,165,897,3342
9,165,897,3343
9,165,897,3344
9,165,897,3345
9,165,897,3346
9,165,897,3347
9,165,897,3348
9,165,897,3349
9,165,897,3350
9,165,897,3351
9,165,897,3352
9,165,897,3353
9,165,897,3354
9,165,897,3355
9,165,898,3356
9,165,898,3357
9,165,898,3358
9,165,898,3359
9,165,899,3360
9,165,899,3361
9,165,899,3362
9,165,899,3363
9,165,899,3364
9,165,899,3365
9,165,899,3366
9,165,899,3367
9,165,899,3369
9,165,899,3370
9,165,900,3371
9,165,900,3372
9,165,900,3373
9,165,900,3374
9,165,900,3375
9,165,900,45786
9,165,901,3376
9,165,901,3377
9,165,901,3378
9,165,901,3379
9,165,901,3380
9,165,901,3381
9,165,901,4716
9,165,902,3382
9,165,902,3383
9,165,902,3384
9,165,902,3385
9,165,902,3444
9,165,902,3445
9,165,902,3539
9,165,903,3446
9,165,903,3447
9,165,903,3448
9,165,904,3449
9,165,904,3450
9,165,904,3451
9,165,904,3452
9,165,904,3453
9,165,904,3454
9,165,904,3455
9,165,904,4715
9,165,905,3456
9,165,905,3457
9,165,905,4718
9,165,906,3458
9,165,906,3459
9,165,906,3460
9,165,906,3461
9,165,906,3462
9,165,906,3463
9,165,906,3464
9,165,906,4876